0.00000
0.00000
0.00000
0.00000
0.00000
0.00000
0.00000
0.00000
0.00000
0.00000
0.00000
0.00000
0.00000
0.00000
0.00000
0.00000
0.00000
0.00000
0.00000
0.00000
0.00000
0.00000
0.00000
0.00000
0.00000
0.00000
0.00000
0.00000
0.00000
0.00000
0.00000
0.00000
0.00000
0.00000
0.00000
0.00000
0.00000
0.00000
0.00000
0.00000
0.00000
0.00000
0.00000
0.00000
0.00000
0.00000
0.00000
0.00000
0.00000
0.00000
0.00000
0.00000
0.00000
0.00000
0.00000
0.00000
0.00000
0.00000
0.00000
0.00000
0.00000
0.00000
0.00000
0.00000
0.00000
0.00000
0.00000
0.00000
0.00000
0.00000
0.00000
0.00000
0.00000
0.00000
0.00000
0.00000
0.00000
0.00000
0.00000
0.00000
0.00000
0.00000
0.00000
0.00000
0.00000
0.00000
0.00000
0.00000
0.00000
0.00000
0.00000
0.00000
0.00000
0.00000
0.00000
0.00000
0.00000
0.00000
0.00000
0.00000
0.00000
0.00000
0.00000
0.00000
0.00000
0.00000
0.00000
0.00000
0.00000
0.00000
0.00000
0.00000
0.00000
0.00000
0.00000
0.00000
0.00000
0.00000
0.00000
0.00000
0.00000
0.00000
0.00000
0.00000
0.00000
0.00000
0.00000
0.00000
0.00001
0.00001
0.00001
0.00001
0.00001
0.00002
0.00002
0.00002
0.00003
0.00003
0.00004
0.00005
0.00006
0.00007
0.00009
0.00010
0.00012
0.00014
0.00017
0.00020
0.00023
0.00027
0.00032
0.00037
0.00043
0.00050
0.00058
0.00067
0.00077
0.00089
0.00103
0.00118
0.00136
0.00154
0.00174
0.00197
0.00222
0.00251
0.00283
0.00319
0.00360
0.00405
0.00456
0.00505
0.00559
0.00619
0.00686
0.00761
0.00843
0.00933
0.01033
0.01143
0.01265
0.01378
0.01506
0.01640
0.01789
0.01944
0.02117
0.02301
0.02491
0.02701
0.02917
0.03110
0.03324
0.03541
0.03784
0.04034
0.04305
0.04612
0.04935
0.05303
0.05692
0.06068
0.06458
0.06899
0.07374
0.07880
0.08391
0.08946
0.09518
0.10066
0.10643
0.11079
0.11527
0.11917
0.12321
0.12674
0.13018
0.13399
0.13758
0.14180
0.14606
0.15010
0.15439
0.15981
0.16612
0.17297
0.18132
0.19086
0.20163
0.21311
0.22635
0.23861
0.25138
0.26529
0.27828
0.29073
0.30208
0.31184
0.32067
0.32641
0.32991
0.32965
0.32865
0.32569
0.32208
0.31815
0.31534
0.31229
0.31011
0.30968
0.30994
0.31107
0.31314
0.31766
0.32336
0.33167
0.34217
0.35413
0.36922
0.38586
0.40586
0.42590
0.44874
0.47225
0.49648
0.52122
0.54692
0.56904
0.58839
0.60549
0.61582
0.61877
0.61631
0.61101
0.59969
0.58527
0.56846
0.55089
0.53449
0.51684
0.50060
0.48610
0.47227
0.46122
0.45145
0.44471
0.43920
0.43670
0.43551
0.43740
0.44070
0.44617
0.45301
0.46300
0.47535
0.48913
0.50633
0.52604
0.54826
0.57157
0.59839
0.62518
0.65495
0.68380
0.71253
0.74238
0.76806
0.79045
0.80845
0.82374
0.83045
0.83093
0.82540
0.81432
0.79845
0.77610
0.75372
0.72958
0.70463
0.67965
0.65528
0.63242
0.60925
0.58958
0.57170
0.55543
0.54034
0.52826
0.51809
0.50876
0.50238
0.49694
0.49421
0.49233
0.49303
0.49462
0.49786
0.50378
0.51042
0.51989
0.52999
0.54182
0.55646
0.57148
0.58850
0.60719
0.62882
0.65065
0.67332
0.69915
0.72417
0.74903
0.77377
0.79998
0.82289
0.84426
0.86262
0.87777
0.89181
0.89910
0.90196
0.90031
0.89445
0.88698
0.87351
0.85668
0.83733
0.81653
0.79609
0.77323
0.74972
0.72687
0.70456
0.68307
0.66258
0.64290
0.62611
0.60936
0.59397
0.57998
0.56737
0.55613
0.54641
0.53782
0.53052
0.52449
0.51975
0.51614
0.51372
0.51246
0.51235
0.51332
0.51539
0.51864
0.52290
0.52825
0.53469
0.54223
0.55107
0.56083
0.57168
0.58363
0.59667
0.61043
0.62554
0.64164
0.66000
0.67794
0.69620
0.71548
0.73521
0.75474
0.77476
0.79411
0.81340
0.83148
0.84847
0.86442
0.87829
0.89041
0.90000
0.90714
0.91168
0.91353
0.91260
0.90901
0.90287
0.89435
0.88343
0.87083
0.85663
0.84112
0.82458
0.80770
0.78996
0.77197
0.75396
0.73612
0.71899
0.70193
0.68543
0.66993
0.65480
0.64045
0.62719
0.61474
0.60284
0.59180
0.58183
0.57248
0.56415
0.55661
0.54971
0.54374
0.53853
0.53406
0.53026
0.52725
0.52496
0.52335
0.52246
0.52226
0.52273
0.52387
0.52568
0.52825
0.53140
0.53522
0.53971
0.54485
0.55067
0.55714
0.56428
0.57186
0.58030
0.58941
0.59916
0.60955
0.62026
0.63187
0.64407
0.65683
0.66975
0.68350
0.69730
0.71183
0.72666
0.74132
0.75649
0.77128
0.78639
0.80090
0.81547
0.82919
0.84267
0.85507
0.86660
0.87740
0.88679
0.89514
0.90192
0.90727
0.91121
0.91350
0.91424
0.91342
0.91099
0.90713
0.90186
0.89507
0.88721
0.87824
0.86828
0.85745
0.84588
0.83337
0.82069
0.80764
0.79434
0.78090
0.76740
0.75393
0.74058
0.72742
0.71449
0.70219
0.68988
0.67796
0.66644
0.65536
0.64472
0.63455
0.62485
0.61587
0.60713
0.59888
0.59113
0.58386
0.57723
0.57092
0.56508
0.55972
0.55493
0.55047
0.54648
0.54300
0.53987
0.53719
0.53493
0.53313
0.53171
0.53071
0.53010
0.52989
0.53009
0.53065
0.53164
0.53297
0.53475
0.53692
0.53939
0.54223
0.54557
0.54930
0.55327
0.55761
0.56249
0.56776
0.57323
0.57927
0.58548
0.59205
0.59921
0.60650
0.61415
0.62239
0.63072
0.63938
0.64835
0.65792
0.66749
0.67733
0.68742
0.69807
0.70861
0.71931
0.73017
0.74113
0.75252
0.76360
0.77467
0.78568
0.79659
0.80768
0.81822
0.82850
0.83845
0.84802
0.85744
0.86606
0.87414
0.88161
0.88842
0.89453
0.89990
0.90461
0.90836
0.91127
0.91333
0.91451
0.91483
0.91427
0.91286
0.91062
0.90756
0.90371
0.89912
0.89382
0.88785
0.88127
0.87413
0.86647
0.85835
0.84983
0.84095
0.83177
0.82264
0.81301
0.80324
0.79335
0.78340
0.77342
0.76345
0.75352
0.74366
0.73420
0.72458
0.71510
0.70579
0.69667
0.68776
0.67906
0.67059
0.66260
0.65462
0.64688
0.63941
0.63220
0.62546
0.61878
0.61237
0.60624
0.60037
0.59494
0.58961
0.58455
0.57975
0.57523
0.57108
0.56707
0.56332
0.55983
0.55667
0.55367
0.55092
0.54842
0.54621
0.54419
0.54241
0.54088
0.53956
0.53848
0.53762
0.53698
0.53656
0.53637
0.53640
0.53662
0.53709
0.53773
0.53863
0.53975
0.54102
0.54256
0.54424
0.54621
0.54839
0.55068
0.55328
0.55598
0.55900
0.56223
0.56553
0.56903
0.57288
0.57694
0.58104
0.58551
0.59000
0.59487
0.59975
0.60461
0.60965
0.61486
0.62023
0.62577
0.63148
0.63735
0.64337
0.64955
0.65587
0.66234
0.66894
0.67568
0.68255
0.68953
0.69662
0.70382
0.71111
0.71848
0.72593
0.73344
0.74100
0.74860
0.75623
0.76387
0.77151
0.77913
0.78671
0.79425
0.80172
0.80910
0.81639
0.82355
0.83057
0.83744
0.84413
0.85063
0.85690
0.86295
0.86875
0.87427
0.87951
0.88444
0.88906
0.89334
0.89727
0.90084
0.90404
0.90685
0.90928
0.91130
0.91292
0.91413
0.91493
0.91531
0.91529
0.91485
0.91401
0.91278
0.91114
0.90913
0.90674
0.90399
0.90089
0.89745
0.89368
0.88961
0.88525
0.88061
0.87570
0.87056
0.86519
0.85961
0.85384
0.84790
0.84180
0.83556
0.82920
0.82273
0.81617
0.80954
0.80284
0.79609
0.78932
0.78252
0.77571
0.76891
0.76212
0.75536
0.74863
0.74194
0.73531
0.72874
0.72224
0.71581
0.70946
0.70320
0.69703
0.69095
0.68498
